# Created by Octave 3.8.2, Wed Feb 11 10:30:30 2015 Eastern Standard Time <unknown@Femina>
# name: X2
# type: matrix
# rows: 15
# columns: 1
 45
 67
 9
 6
 89
 8
 9
 1
 13
 9
 12
 809
 15
 54
 30


